1.07, 0.05, 250302.00
1.13, 0.05, 250319.00
1.20, 0.04, 250336.00
1.22, 0.04, 250353.00
1.22, 0.04, 250370.00
1.23, 0.04, 250387.00
1.22, 0.04, 250404.00
1.16, 0.04, 250421.00
1.12, 0.04, 250438.00
1.13, 0.04, 250455.00
1.07, 0.05, 250472.00
1.14, 0.05, 250489.00
1.25, 0.05, 250506.00
1.07, 0.05, 250523.00
0.81, 0.06, 250540.00
0.74, 0.06, 250557.00
0.66, 0.06, 250574.00
0.70, 0.06, 250591.00
0.80, 0.07, 250608.00
0.83, 0.07, 250625.00
0.80, 0.07, 250642.00
0.82, 0.07, 250659.00
0.86, 0.07, 250676.00
0.94, 0.07, 250693.00
0.97, 0.07, 250710.00
1.01, 0.07, 250727.00
1.06, 0.07, 250744.00
1.10, 0.07, 250761.00
1.17, 0.06, 250778.00
1.20, 0.06, 250795.00
1.22, 0.06, 250812.00
1.27, 0.06, 250829.00
1.28, 0.06, 250846.00
1.30, 0.05, 250863.00
1.32, 0.05, 250880.00
1.40, 0.05, 250897.00
1.60, 0.05, 250914.00
1.74, 0.05, 250931.00
1.98, 0.05, 250948.00
2.10, 0.05, 250965.00
2.13, 0.05, 250982.00
2.03, 0.05, 250999.00
1.84, 0.05, 251016.00
0.88, 0.05, 251033.00
1.88, 0.05, 251050.00
2.14, 0.05, 251067.00
2.12, 0.04, 251084.00
1.57, 0.04, 251101.00
1.02, 0.04, 251118.00
0.92, 0.04, 251135.00
1.02, 0.03, 251152.00
1.01, 0.03, 251169.00
1.01, 0.03, 251186.00
1.00, 0.02, 251203.00
1.14, 0.02, 251220.00
1.28, 0.02, 251237.00
1.71, 0.01, 251254.00
2.23, 0.01, 251271.00
2.47, 0.01, 251288.00
2.65, 0.01, 251305.00
2.28, 0.01, 251322.00
2.11, 0.02, 251339.00
1.60, 0.02, 251356.00
1.42, 0.03, 251373.00
1.09, 0.04, 251390.00
0.99, 0.05, 251407.00
1.11, 0.06, 251424.00
2.34, 0.08, 251441.00
2.22, 0.09, 251458.00
2.43, 0.11, 251475.00
2.69, 0.12, 251492.00
2.31, 0.13, 251509.00
1.87, 0.15, 251526.00
1.43, 0.16, 251543.00
0.97, 0.16, 251560.00
0.27, 0.17, 251577.00
0.38, 0.17, 251594.00
0.42, 0.16, 251611.00
0.57, 0.15, 251628.00
0.83, 0.14, 251645.00
0.95, 0.12, 251662.00
1.30, 0.09, 251679.00
1.78, 0.06, 251696.00
2.22, 0.03, 251713.00
3.45, -0.00, 251730.00
4.52, -0.04, 251747.00
4.81, -0.08, 251764.00
4.86, -0.12, 251781.00
4.00, -0.15, 251798.00
3.18, -0.18, 251815.00
1.63, -0.21, 251832.00
1.84, -0.24, 251849.00
3.08, -0.25, 251866.00
1.70, -0.26, 251883.00
0.99, -0.26, 251900.00
1.23, -0.26, 251917.00
1.38, -0.24, 251934.00
1.19, -0.22, 251951.00
1.41, -0.20, 251968.00
1.51, -0.16, 251985.00
1.80, -0.12, 252002.00
2.35, -0.08, 252019.00
2.60, -0.03, 252036.00
2.91, 0.02, 252053.00
2.68, 0.06, 252070.00
2.24, 0.11, 252087.00
1.89, 0.15, 252104.00
1.68, 0.18, 252121.00
1.80, 0.22, 252138.00
0.90, 0.24, 252155.00
1.25, 0.26, 252172.00
1.97, 0.27, 252189.00
2.13, 0.28, 252206.00
2.31, 0.28, 252223.00
2.50, 0.27, 252240.00
2.37, 0.27, 252257.00
1.84, 0.25, 252274.00
1.49, 0.24, 252291.00
0.65, 0.23, 252308.00
0.36, 0.21, 252325.00
0.33, 0.20, 252342.00
0.57, 0.18, 252359.00
0.84, 0.17, 252376.00
1.10, 0.16, 252393.00
1.27, 0.16, 252410.00
1.57, 0.15, 252427.00
1.69, 0.15, 252444.00
2.25, 0.15, 252461.00
3.42, 0.15, 252478.00
4.60, 0.14, 252495.00
4.99, 0.14, 252512.00
5.01, 0.14, 252529.00
4.01, 0.13, 252546.00
3.16, 0.11, 252563.00
2.72, 0.11, 252580.00
4.05, 0.10, 252597.00
3.26, 0.08, 252614.00
0.93, 0.06, 252631.00
1.46, 0.03, 252648.00
1.65, 0.00, 252665.00
1.28, -0.03, 252682.00
1.48, -0.06, 252699.00
1.60, -0.09, 252716.00
2.09, -0.12, 252733.00
2.73, -0.14, 252750.00
2.83, -0.15, 252767.00
3.03, -0.16, 252784.00
2.54, -0.16, 252801.00
2.10, -0.16, 252818.00
1.63, -0.14, 252835.00
1.77, -0.12, 252852.00
1.42, -0.08, 252869.00
1.01, -0.04, 252886.00
2.47, 0.02, 252903.00
2.52, 0.07, 252920.00
1.97, 0.14, 252937.00
2.56, 0.20, 252954.00
2.59, 0.27, 252971.00
1.86, 0.34, 252988.00
1.61, 0.41, 253005.00
1.53, 0.48, 253022.00
0.85, 0.53, 253039.00
0.30, 0.58, 253056.00
0.44, 0.63, 253073.00
0.61, 0.66, 253090.00
0.81, 0.68, 253107.00
1.16, 0.69, 253124.00
1.34, 0.69, 253141.00
1.69, 0.68, 253158.00
2.23, 0.65, 253175.00
2.70, 0.62, 253192.00
3.74, 0.57, 253209.00
4.90, 0.52, 253226.00
5.27, 0.45, 253243.00
4.90, 0.38, 253260.00
3.63, 0.31, 253277.00
2.92, 0.23, 253294.00
3.54, 0.15, 253311.00
3.89, 0.06, 253328.00
1.30, -0.02, 253345.00
1.11, -0.10, 253362.00
1.81, -0.18, 253379.00
1.55, -0.25, 253396.00
1.26, -0.31, 253413.00
1.52, -0.37, 253430.00
1.67, -0.41, 253447.00
2.13, -0.45, 253464.00
2.77, -0.48, 253481.00
2.97, -0.50, 253498.00
3.23, -0.50, 253515.00
2.71, -0.49, 253532.00
2.30, -0.47, 253549.00
1.69, -0.44, 253566.00
STEP DETECTED: 253175.00
2.14, -0.39, 253583.00
1.23, -0.34, 253600.00
1.06, -0.27, 253617.00
2.47, -0.20, 253634.00
2.36, -0.11, 253651.00
2.52, -0.02, 253668.00
2.56, 0.07, 253685.00
2.09, 0.17, 253702.00
1.86, 0.27, 253719.00
1.18, 0.36, 253736.00
0.50, 0.46, 253753.00
0.33, 0.55, 253770.00
0.46, 0.63, 253787.00
0.62, 0.70, 253804.00
0.74, 0.76, 253821.00
1.09, 0.80, 253838.00
1.42, 0.84, 253855.00
1.64, 0.85, 253872.00
2.12, 0.85, 253889.00
3.15, 0.84, 253906.00
3.81, 0.81, 253923.00
5.16, 0.76, 253940.00
5.03, 0.70, 253957.00
4.52, 0.62, 253974.00
4.06, 0.53, 253991.00
3.04, 0.43, 254008.00
3.49, 0.33, 254025.00
4.35, 0.22, 254042.00
1.15, 0.11, 254059.00
1.42, -0.01, 254076.00
1.99, -0.11, 254093.00
1.40, -0.22, 254110.00
1.40, -0.31, 254127.00
1.57, -0.39, 254144.00
2.16, -0.46, 254161.00
3.01, -0.52, 254178.00
3.17, -0.56, 254195.00
3.26, -0.59, 254212.00
2.62, -0.59, 254229.00
2.18, -0.59, 254246.00
1.61, -0.56, 254263.00
1.84, -0.52, 254280.00
STEP DETECTED: 253940.00
1.22, -0.46, 254297.00
1.01, -0.40, 254314.00
2.17, -0.31, 254331.00
2.18, -0.22, 254348.00
2.20, -0.12, 254365.00
2.16, -0.02, 254382.00
1.87, 0.09, 254399.00
2.20, 0.20, 254416.00
2.39, 0.30, 254433.00
1.77, 0.41, 254450.00
0.42, 0.50, 254467.00
0.41, 0.59, 254484.00
0.66, 0.67, 254501.00
0.82, 0.74, 254518.00
1.09, 0.79, 254535.00
1.26, 0.83, 254552.00
1.74, 0.86, 254569.00
2.37, 0.87, 254586.00
2.80, 0.86, 254603.00
4.05, 0.84, 254620.00
5.22, 0.80, 254637.00
5.30, 0.75, 254654.00
4.41, 0.68, 254671.00
4.33, 0.61, 254688.00
2.91, 0.52, 254705.00
1.93, 0.42, 254722.00
1.18, 0.31, 254739.00
3.96, 0.21, 254756.00
4.02, 0.09, 254773.00
1.57, -0.02, 254790.00
1.51, -0.13, 254807.00
1.86, -0.23, 254824.00
1.41, -0.33, 254841.00
1.43, -0.41, 254858.00
1.63, -0.49, 254875.00
2.13, -0.55, 254892.00
2.52, -0.60, 254909.00
2.60, -0.63, 254926.00
2.83, -0.64, 254943.00
2.42, -0.64, 254960.00
2.13, -0.62, 254977.00
1.81, -0.58, 254994.00
STEP DETECTED: 254637.00
1.97, -0.53, 255011.00
1.63, -0.46, 255028.00
1.12, -0.38, 255045.00
2.08, -0.28, 255062.00
2.28, -0.18, 255079.00
2.62, -0.06, 255096.00
2.61, 0.06, 255113.00
2.06, 0.06, 255130.00
1.62, 0.18, 255147.00
1.83, 0.30, 255164.00
1.39, 0.42, 255181.00
0.34, 0.53, 255198.00
0.31, 0.64, 255215.00
0.62, 0.73, 255232.00
0.70, 0.81, 255249.00
1.10, 0.88, 255266.00
1.50, 0.92, 255283.00
1.66, 0.95, 255300.00
2.05, 0.96, 255317.00
2.95, 0.95, 255334.00
3.64, 0.92, 255351.00
4.95, 0.87, 255368.00
5.10, 0.80, 255385.00
4.74, 0.72, 255402.00
3.80, 0.62, 255419.00
2.58, 0.51, 255436.00
1.93, 0.39, 255453.00
3.78, 0.26, 255470.00
2.85, 0.14, 255487.00
1.30, 0.01, 255504.00
1.28, -0.12, 255521.00
1.71, -0.23, 255538.00
1.28, -0.34, 255555.00
1.39, -0.44, 255572.00
1.66, -0.51, 255589.00
1.85, -0.58, 255606.00
2.44, -0.62, 255623.00
2.83, -0.65, 255640.00
2.92, -0.65, 255657.00
3.01, -0.64, 255674.00
2.10, -0.61, 255691.00
1.88, -0.55, 255708.00
STEP DETECTED: 255368.00
1.80, -0.49, 255725.00
1.55, -0.41, 255742.00
1.33, -0.31, 255759.00
1.51, -0.21, 255776.00
2.33, -0.09, 255793.00
1.69, 0.02, 255810.00
2.13, 0.14, 255827.00
2.87, 0.26, 255844.00
2.54, 0.38, 255861.00
2.09, 0.49, 255878.00
1.20, 0.59, 255895.00
0.56, 0.68, 255912.00
0.31, 0.76, 255929.00
0.28, 0.82, 255946.00
0.72, 0.87, 255963.00
0.83, 0.90, 255980.00
1.10, 0.92, 255997.00
1.57, 0.91, 256014.00
1.79, 0.89, 256031.00
2.46, 0.86, 256048.00
3.51, 0.80, 256065.00
4.16, 0.74, 256082.00
5.23, 0.66, 256099.00
4.64, 0.57, 256116.00
4.40, 0.47, 256133.00
4.06, 0.36, 256150.00
2.40, 0.25, 256167.00
1.69, 0.13, 256184.00
4.61, 0.02, 256201.00
3.80, -0.09, 256218.00
4.77, -0.19, 256235.00
1.81, -0.29, 256252.00
1.43, -0.38, 256269.00
1.28, -0.45, 256286.00
1.43, -0.51, 256303.00
1.54, -0.56, 256320.00
1.66, -0.59, 256337.00
1.74, -0.60, 256354.00
2.18, -0.60, 256371.00
2.52, -0.58, 256388.00
2.68, -0.55, 256405.00
STEP DETECTED: 256048.00
2.46, -0.50, 256422.00
2.03, -0.44, 256439.00
1.93, -0.37, 256456.00
1.95, -0.29, 256473.00
1.39, -0.20, 256490.00
1.34, -0.10, 256507.00
2.19, -0.00, 256524.00
1.90, 0.10, 256541.00
1.76, 0.20, 256558.00
2.90, 0.30, 256575.00
3.16, 0.40, 256592.00
2.45, 0.48, 256609.00
1.12, 0.56, 256626.00
0.71, 0.63, 256643.00
0.55, 0.69, 256660.00
0.19, 0.73, 256677.00
0.59, 0.77, 256694.00
0.72, 0.79, 256711.00
1.02, 0.79, 256728.00
1.41, 0.78, 256745.00
1.63, 0.76, 256762.00
2.17, 0.72, 256779.00
3.12, 0.67, 256796.00
3.75, 0.61, 256813.00
5.00, 0.53, 256830.00
4.88, 0.45, 256847.00
4.29, 0.36, 256864.00
4.00, 0.26, 256881.00
2.83, 0.16, 256898.00
1.82, 0.05, 256915.00
2.68, -0.05, 256932.00
3.87, -0.15, 256949.00
1.45, -0.25, 256966.00
1.15, -0.34, 256983.00
1.84, -0.43, 257000.00
1.30, -0.50, 257017.00
1.31, -0.56, 257034.00
1.41, -0.61, 257051.00
1.81, -0.64, 257068.00
1.97, -0.65, 257085.00
2.34, -0.65, 257102.00
2.42, -0.63, 257119.00
2.47, -0.60, 257136.00
STEP DETECTED: 256779.00
2.29, -0.54, 257153.00
1.61, -0.47, 257170.00
1.65, -0.39, 257187.00
1.86, -0.29, 257204.00
1.75, -0.19, 257221.00
1.49, -0.07, 257238.00
1.49, 0.05, 257255.00
1.89, 0.18, 257272.00
2.25, 0.31, 257289.00
3.28, 0.43, 257306.00
2.74, 0.55, 257323.00
1.99, 0.66, 257340.00
1.10, 0.76, 257357.00
0.58, 0.85, 257374.00
0.49, 0.93, 257391.00
0.79, 0.98, 257408.00
0.98, 1.02, 257425.00
1.34, 1.04, 257442.00
1.56, 1.04, 257459.00
2.08, 1.03, 257476.00
2.63, 0.99, 257493.00
2.93, 0.93, 257510.00
3.78, 0.86, 257527.00
4.67, 0.78, 257544.00
4.75, 0.68, 257561.00
3.91, 0.57, 257578.00
3.63, 0.45, 257595.00
3.28, 0.32, 257612.00
3.68, 0.20, 257629.00
3.92, 0.07, 257646.00
4.69, -0.05, 257663.00
1.54, -0.05, 257680.00
1.37, -0.16, 257697.00
2.05, -0.27, 257714.00
1.43, -0.37, 257731.00
1.13, -0.45, 257748.00
1.13, -0.52, 257765.00
1.39, -0.57, 257782.00
1.38, -0.61, 257799.00
1.42, -0.63, 257816.00
1.57, -0.63, 257833.00
1.67, -0.62, 257850.00
1.63, -0.59, 257867.00
1.58, -0.54, 257884.00
STEP DETECTED: 257510.00
1.67, -0.49, 257901.00
1.45, -0.42, 257918.00
1.06, -0.33, 257935.00
1.21, -0.24, 257952.00
1.70, -0.15, 257969.00
1.72, -0.05, 257986.00
1.80, 0.06, 258003.00
2.93, 0.16, 258020.00
3.07, 0.26, 258037.00
2.20, 0.36, 258054.00
1.29, 0.45, 258071.00
0.97, 0.53, 258088.00
0.44, 0.60, 258105.00
0.39, 0.66, 258122.00
0.45, 0.71, 258139.00
0.51, 0.74, 258156.00
0.71, 0.76, 258173.00
0.87, 0.76, 258190.00
1.14, 0.75, 258207.00
1.38, 0.72, 258224.00
1.58, 0.68, 258241.00
2.02, 0.62, 258258.00
2.35, 0.56, 258275.00
2.54, 0.48, 258292.00
3.33, 0.39, 258309.00
3.29, 0.29, 258326.00
2.76, 0.19, 258343.00
2.84, 0.09, 258360.00
2.68, -0.01, 258377.00
1.82, -0.11, 258394.00
1.02, -0.21, 258411.00
1.41, -0.29, 258428.00
3.12, -0.37, 258445.00
3.71, -0.43, 258462.00
4.83, -0.48, 258479.00
2.75, -0.51, 258496.00
1.87, -0.53, 258513.00
1.91, -0.52, 258530.00
1.06, -0.50, 258547.00
0.86, -0.47, 258564.00
STEP DETECTED: 258241.00
1.17, -0.42, 258581.00
1.15, -0.35, 258598.00
1.05, -0.27, 258615.00
0.98, -0.17, 258632.00
0.97, -0.07, 258649.00
0.97, 0.04, 258666.00
0.98, 0.15, 258683.00
1.00, 0.26, 258700.00
0.98, 0.37, 258717.00
0.87, 0.48, 258734.00
0.78, 0.57, 258751.00
0.70, 0.66, 258768.00
0.94, 0.74, 258785.00
1.07, 0.80, 258802.00
1.19, 0.85, 258819.00
1.20, 0.88, 258836.00
1.11, 0.90, 258853.00
1.06, 0.89, 258870.00
0.97, 0.88, 258887.00
0.95, 0.84, 258904.00
1.00, 0.80, 258921.00
1.02, 0.74, 258938.00
0.98, 0.67, 258955.00
0.97, 0.59, 258972.00
0.95, 0.50, 258989.00
0.95, 0.41, 259006.00
0.98, 0.32, 259023.00
1.02, 0.23, 259040.00
1.00, 0.13, 259057.00
0.97, 0.04, 259074.00
0.98, -0.05, 259091.00
1.00, -0.13, 259108.00
1.01, -0.21, 259125.00
1.01, -0.28, 259142.00
0.98, -0.34, 259159.00
0.97, -0.40, 259176.00
0.97, -0.44, 259193.00
0.96, -0.48, 259210.00
0.97, -0.51, 259227.00
0.97, -0.53, 259244.00
0.97, -0.55, 259261.00
0.99, -0.55, 259278.00
1.00, -0.55, 259295.00
1.01, -0.53, 259312.00
0.98, -0.51, 259329.00
STEP DETECTED: 258904.00
0.98, -0.48, 259346.00
0.98, -0.43, 259363.00
1.00, -0.38, 259380.00
1.00, -0.32, 259397.00
0.99, -0.25, 259414.00
0.97, -0.17, 259431.00
0.97, -0.08, 259448.00
0.99, 0.01, 259465.00
1.01, 0.11, 259482.00
1.00, 0.21, 259499.00
0.99, 0.32, 259516.00
0.98, 0.42, 259533.00
0.98, 0.52, 259550.00
0.99, 0.62, 259567.00
1.00, 0.71, 259584.00
1.00, 0.78, 259601.00
0.98, 0.85, 259618.00
0.98, 0.90, 259635.00
0.98, 0.94, 259652.00
0.98, 0.96, 259669.00
