0.80, -0.35, 976627.00
1.04, -0.41, 976644.00
1.26, -0.46, 976661.00
1.38, -0.49, 976678.00
1.72, -0.50, 976695.00
2.24, -0.48, 976712.00
2.59, -0.45, 976729.00
3.41, -0.39, 976746.00
2.90, -0.31, 976763.00
2.55, -0.31, 976780.00
2.96, -0.22, 976797.00
2.57, -0.10, 976814.00
1.87, 0.02, 976831.00
1.34, 0.16, 976848.00
4.07, 0.30, 976865.00
2.88, 0.45, 976882.00
2.43, 0.59, 976899.00
2.56, 0.73, 976916.00
1.34, 0.85, 976933.00
1.30, 0.96, 976950.00
0.81, 1.04, 976967.00
1.21, 1.11, 976984.00
1.18, 1.15, 977001.00
1.01, 1.16, 977018.00
1.04, 1.15, 977035.00
1.06, 1.10, 977052.00
1.04, 1.04, 977069.00
1.06, 0.95, 977086.00
1.05, 0.84, 977103.00
0.99, 0.71, 977120.00
0.99, 0.57, 977137.00
0.98, 0.42, 977154.00
0.99, 0.26, 977171.00
0.99, 0.11, 977188.00
0.98, -0.04, 977205.00
0.96, -0.18, 977222.00
0.97, -0.31, 977239.00
0.98, -0.42, 977256.00
1.00, -0.51, 977273.00
1.04, -0.57, 977290.00
1.05, -0.62, 977307.00
1.05, -0.64, 977324.00
1.07, -0.63, 977341.00
1.10, -0.61, 977358.00
1.18, -0.56, 977375.00
STEP DETECTED: 977069.00
1.28, -0.50, 977392.00
1.32, -0.43, 977409.00
1.39, -0.34, 977426.00
1.70, -0.25, 977443.00
1.88, -0.16, 977460.00
2.26, -0.07, 977477.00
2.71, 0.02, 977494.00
2.12, 0.09, 977511.00
1.89, 0.15, 977528.00
2.04, 0.20, 977545.00
2.03, 0.23, 977562.00
1.62, 0.25, 977579.00
0.97, 0.24, 977596.00
0.52, 0.22, 977613.00
0.68, 0.19, 977630.00
0.47, 0.14, 977647.00
0.29, 0.08, 977664.00
0.33, 0.01, 977681.00
0.48, -0.06, 977698.00
0.50, -0.13, 977715.00
0.54, -0.20, 977732.00
0.69, -0.26, 977749.00
0.91, -0.31, 977766.00
1.03, -0.35, 977783.00
1.36, -0.37, 977800.00
1.88, -0.38, 977817.00
2.25, -0.37, 977834.00
3.18, -0.33, 977851.00
3.80, -0.28, 977868.00
3.62, -0.21, 977885.00
3.54, -0.13, 977902.00
4.02, -0.03, 977919.00
3.31, 0.08, 977936.00
1.73, 0.20, 977953.00
1.66, 0.32, 977970.00
2.63, 0.44, 977987.00
3.93, 0.56, 978004.00
3.36, 0.67, 978021.00
3.27, 0.76, 978038.00
2.01, 0.85, 978055.00
1.06, 0.91, 978072.00
0.96, 0.95, 978089.00
1.25, 0.97, 978106.00
1.17, 0.97, 978123.00
0.99, 0.94, 978140.00
1.05, 0.90, 978157.00
1.12, 0.83, 978174.00
1.06, 0.74, 978191.00
1.04, 0.63, 978208.00
1.04, 0.51, 978225.00
1.00, 0.38, 978242.00
0.98, 0.24, 978259.00
0.95, 0.10, 978276.00
0.97, -0.03, 978293.00
0.97, -0.16, 978310.00
0.97, -0.28, 978327.00
0.97, -0.39, 978344.00
0.99, -0.48, 978361.00
1.02, -0.54, 978378.00
1.03, -0.59, 978395.00
1.04, -0.62, 978412.00
1.07, -0.62, 978429.00
1.04, -0.61, 978446.00
1.09, -0.57, 978463.00
1.16, -0.52, 978480.00
STEP DETECTED: 978157.00
1.30, -0.45, 978497.00
1.36, -0.37, 978514.00
1.45, -0.28, 978531.00
1.69, -0.18, 978548.00
1.85, -0.09, 978565.00
2.20, 0.00, 978582.00
2.85, 0.08, 978599.00
2.40, 0.16, 978616.00
1.93, 0.21, 978633.00
2.02, 0.26, 978650.00
1.93, 0.28, 978667.00
1.58, 0.29, 978684.00
1.01, 0.27, 978701.00
0.56, 0.24, 978718.00
0.83, 0.19, 978735.00
0.51, 0.13, 978752.00
0.20, 0.06, 978769.00
0.15, -0.02, 978786.00
0.34, -0.11, 978803.00
0.44, -0.19, 978820.00
0.49, -0.28, 978837.00
0.63, -0.35, 978854.00
0.86, -0.41, 978871.00
0.99, -0.46, 978888.00
1.28, -0.49, 978905.00
1.83, -0.49, 978922.00
2.26, -0.48, 978939.00
3.31, -0.44, 978956.00
4.10, -0.37, 978973.00
3.89, -0.29, 978990.00
3.61, -0.18, 979007.00
3.89, -0.05, 979024.00
3.43, 0.09, 979041.00
1.87, 0.24, 979058.00
1.63, 0.39, 979075.00
2.50, 0.55, 979092.00
4.08, 0.70, 979109.00
2.91, 0.85, 979126.00
3.18, 0.98, 979143.00
2.14, 1.09, 979160.00
1.33, 1.18, 979177.00
0.73, 1.25, 979194.00
1.06, 1.29, 979211.00
1.21, 1.29, 979228.00
1.02, 1.27, 979245.00
1.01, 1.22, 979262.00
1.10, 1.14, 979279.00
1.06, 1.03, 979296.00
1.04, 0.91, 979313.00
1.02, 0.91, 979330.00
0.98, 0.76, 979347.00
0.96, 0.60, 979364.00
0.95, 0.42, 979381.00
0.97, 0.25, 979398.00
0.99, 0.07, 979415.00
1.00, -0.10, 979432.00
0.99, -0.25, 979449.00
0.99, -0.40, 979466.00
1.00, -0.52, 979483.00
1.02, -0.62, 979500.00
1.04, -0.69, 979517.00
1.05, -0.74, 979534.00
1.03, -0.76, 979551.00
1.03, -0.76, 979568.00
1.10, -0.73, 979585.00
1.22, -0.68, 979602.00
STEP DETECTED: 979279.00
1.27, -0.60, 979619.00
1.34, -0.52, 979636.00
1.51, -0.42, 979653.00
1.68, -0.31, 979670.00
1.93, -0.20, 979687.00
2.42, -0.10, 979704.00
2.84, 0.00, 979721.00
2.50, 0.09, 979738.00
1.64, 0.16, 979755.00
2.02, 0.22, 979772.00
2.06, 0.26, 979789.00
1.25, 0.27, 979806.00
0.95, 0.26, 979823.00
0.66, 0.24, 979840.00
0.53, 0.19, 979857.00
0.51, 0.13, 979874.00
0.46, 0.06, 979891.00
0.27, -0.03, 979908.00
0.41, -0.11, 979925.00
0.44, -0.21, 979942.00
0.50, -0.29, 979959.00
0.64, -0.37, 979976.00
0.74, -0.44, 979993.00
0.98, -0.49, 980010.00
1.28, -0.52, 980027.00
1.50, -0.53, 980044.00
2.12, -0.51, 980061.00
3.10, -0.47, 980078.00
3.65, -0.40, 980095.00
3.88, -0.31, 980112.00
3.49, -0.20, 980129.00
3.63, -0.07, 980146.00
3.34, 0.07, 980163.00
1.96, 0.23, 980180.00
1.73, 0.39, 980197.00
3.76, 0.55, 980214.00
2.58, 0.71, 980231.00
3.47, 0.86, 980248.00
3.66, 1.00, 980265.00
1.82, 1.11, 980282.00
0.55, 1.20, 980299.00
0.78, 1.27, 980316.00
1.27, 1.31, 980333.00
1.01, 1.31, 980350.00
1.01, 1.29, 980367.00
1.06, 1.23, 980384.00
1.11, 1.15, 980401.00
1.09, 1.04, 980418.00
1.06, 0.91, 980435.00
1.05, 0.75, 980452.00
1.01, 0.59, 980469.00
0.96, 0.41, 980486.00
0.95, 0.23, 980503.00
0.95, 0.05, 980520.00
0.97, -0.12, 980537.00
0.99, -0.28, 980554.00
1.00, -0.42, 980571.00
0.99, -0.54, 980588.00
1.00, -0.64, 980605.00
1.01, -0.71, 980622.00
1.05, -0.76, 980639.00
1.05, -0.78, 980656.00
1.01, -0.77, 980673.00
1.07, -0.73, 980690.00
1.19, -0.68, 980707.00
STEP DETECTED: 980401.00
1.27, -0.60, 980724.00
1.41, -0.51, 980741.00
1.64, -0.40, 980758.00
1.87, -0.29, 980775.00
2.07, -0.18, 980792.00
2.66, -0.07, 980809.00
2.79, 0.03, 980826.00
2.34, 0.12, 980843.00
1.71, 0.20, 980860.00
2.29, 0.25, 980877.00
2.14, 0.29, 980894.00
0.92, 0.31, 980911.00
0.69, 0.30, 980928.00
0.54, 0.28, 980945.00
0.71, 0.23, 980962.00
0.45, 0.17, 980979.00
0.28, 0.09, 980996.00
0.32, 0.00, 981013.00
0.39, -0.09, 981030.00
0.42, -0.18, 981047.00
0.54, -0.27, 981064.00
0.70, -0.36, 981081.00
0.80, -0.43, 981098.00
1.04, -0.48, 981115.00
1.38, -0.52, 981132.00
1.63, -0.53, 981149.00
2.41, -0.52, 981166.00
3.55, -0.49, 981183.00
4.05, -0.43, 981200.00
3.97, -0.35, 981217.00
3.89, -0.24, 981234.00
3.82, -0.12, 981251.00
2.78, 0.03, 981268.00
1.64, 0.18, 981285.00
1.91, 0.34, 981302.00
4.25, 0.50, 981319.00
2.18, 0.66, 981336.00
3.70, 0.80, 981353.00
2.74, 0.94, 981370.00
1.11, 1.06, 981387.00
0.70, 1.15, 981404.00
1.19, 1.22, 981421.00
1.27, 1.26, 981438.00
0.98, 1.27, 981455.00
1.03, 1.25, 981472.00
1.12, 1.20, 981489.00
1.06, 1.12, 981506.00
1.03, 1.01, 981523.00
1.03, 0.89, 981540.00
1.01, 0.74, 981557.00
0.99, 0.57, 981574.00
0.95, 0.40, 981591.00
0.97, 0.23, 981608.00
0.98, 0.05, 981625.00
0.98, -0.12, 981642.00
0.98, -0.28, 981659.00
0.99, -0.42, 981676.00
0.99, -0.54, 981693.00
0.99, -0.63, 981710.00
1.01, -0.70, 981727.00
1.06, -0.75, 981744.00
1.02, -0.76, 981761.00
1.05, -0.75, 981778.00
1.16, -0.72, 981795.00
1.33, -0.66, 981812.00
STEP DETECTED: 981506.00
1.40, -0.58, 981829.00
1.53, -0.49, 981846.00
1.86, -0.38, 981863.00
2.13, -0.38, 981880.00
2.38, -0.27, 981897.00
2.87, -0.16, 981914.00
2.32, -0.05, 981931.00
1.97, 0.05, 981948.00
2.15, 0.14, 981965.00
2.10, 0.21, 981982.00
1.64, 0.27, 981999.00
1.19, 0.30, 982016.00
0.51, 0.31, 982033.00
0.77, 0.30, 982050.00
0.60, 0.27, 982067.00
0.45, 0.22, 982084.00
0.29, 0.15, 982101.00
0.41, 0.07, 982118.00
0.43, -0.02, 982135.00
0.47, -0.11, 982152.00
0.66, -0.20, 982169.00
0.89, -0.29, 982186.00
1.01, -0.37, 982203.00
1.32, -0.44, 982220.00
1.82, -0.49, 982237.00
2.19, -0.52, 982254.00
3.10, -0.52, 982271.00
3.87, -0.50, 982288.00
3.80, -0.46, 982305.00
3.56, -0.39, 982322.00
3.91, -0.29, 982339.00
3.50, -0.18, 982356.00
1.92, -0.05, 982373.00
1.95, 0.10, 982390.00
4.13, 0.26, 982407.00
1.91, 0.42, 982424.00
3.72, 0.58, 982441.00
2.72, 0.74, 982458.00
1.77, 0.88, 982475.00
0.73, 1.01, 982492.00
1.17, 1.12, 982509.00
1.36, 1.20, 982526.00
1.03, 1.25, 982543.00
1.03, 1.28, 982560.00
1.09, 1.27, 982577.00
1.12, 1.23, 982594.00
1.04, 1.16, 982611.00
1.04, 1.07, 982628.00
1.04, 0.95, 982645.00
0.97, 0.80, 982662.00
0.95, 0.64, 982679.00
0.96, 0.47, 982696.00
0.98, 0.29, 982713.00
0.98, 0.12, 982730.00
0.98, -0.06, 982747.00
0.98, -0.22, 982764.00
0.97, -0.37, 982781.00
0.99, -0.49, 982798.00
1.03, -0.60, 982815.00
1.05, -0.68, 982832.00
1.02, -0.73, 982849.00
1.08, -0.75, 982866.00
1.10, -0.75, 982883.00
1.20, -0.72, 982900.00
1.31, -0.67, 982917.00
STEP DETECTED: 982611.00
1.36, -0.60, 982934.00
1.57, -0.51, 982951.00
1.81, -0.41, 982968.00
2.21, -0.31, 982985.00
2.46, -0.20, 983002.00
2.63, -0.09, 983019.00
1.87, 0.00, 983036.00
1.66, 0.09, 983053.00
2.04, 0.16, 983070.00
1.83, 0.21, 983087.00
1.29, 0.24, 983104.00
0.93, 0.25, 983121.00
0.61, 0.24, 983138.00
0.78, 0.21, 983155.00
0.55, 0.16, 983172.00
0.29, 0.10, 983189.00
0.31, 0.03, 983206.00
0.46, -0.05, 983223.00
0.50, -0.14, 983240.00
0.55, -0.22, 983257.00
0.74, -0.30, 983274.00
0.97, -0.36, 983291.00
1.09, -0.42, 983308.00
1.37, -0.45, 983325.00
1.86, -0.46, 983342.00
2.22, -0.45, 983359.00
3.18, -0.42, 983376.00
3.81, -0.36, 983393.00
3.73, -0.28, 983410.00
3.60, -0.18, 983427.00
3.77, -0.06, 983444.00
3.39, 0.08, 983461.00
1.85, 0.23, 983478.00
3.66, 0.38, 983495.00
2.43, 0.54, 983512.00
1.45, 0.69, 983529.00
3.24, 0.83, 983546.00
2.09, 0.96, 983563.00
1.49, 1.07, 983580.00
0.58, 1.16, 983597.00
1.29, 1.23, 983614.00
1.36, 1.26, 983631.00
1.00, 1.27, 983648.00
1.07, 1.24, 983665.00
1.09, 1.19, 983682.00
1.07, 1.11, 983699.00
1.02, 1.00, 983716.00
1.01, 0.87, 983733.00
0.97, 0.72, 983750.00
0.94, 0.56, 983767.00
0.94, 0.38, 983784.00
0.98, 0.21, 983801.00
0.99, 0.04, 983818.00
0.98, -0.13, 983835.00
0.98, -0.28, 983852.00
0.97, -0.42, 983869.00
0.98, -0.54, 983886.00
1.04, -0.63, 983903.00
1.06, -0.70, 983920.00
1.04, -0.74, 983937.00
0.99, -0.76, 983954.00
1.08, -0.74, 983971.00
1.11, -0.71, 983988.00
1.26, -0.65, 984005.00
STEP DETECTED: 983699.00
1.34, -0.58, 984022.00
1.35, -0.48, 984039.00
1.56, -0.38, 984056.00
1.87, -0.28, 984073.00
2.23, -0.17, 984090.00
2.60, -0.07, 984107.00
2.93, 0.03, 984124.00
1.94, 0.11, 984141.00
1.75, 0.18, 984158.00
1.90, 0.23, 984175.00
1.36, 0.26, 984192.00
0.96, 0.27, 984209.00
1.02, 0.26, 984226.00
0.44, 0.23, 984243.00
0.53, 0.18, 984260.00
0.44, 0.12, 984277.00
0.15, 0.05, 984294.00
0.21, -0.04, 984311.00
0.31, -0.12, 984328.00
0.38, -0.21, 984345.00
0.45, -0.29, 984362.00
0.63, -0.36, 984379.00
0.86, -0.41, 984396.00
1.00, -0.45, 984413.00
1.29, -0.45, 984430.00
1.78, -0.47, 984447.00
2.18, -0.47, 984464.00
3.27, -0.45, 984481.00
4.08, -0.40, 984498.00
3.86, -0.33, 984515.00
3.38, -0.24, 984532.00
3.36, -0.12, 984549.00
3.08, 0.01, 984566.00
1.76, 0.15, 984583.00
2.53, 0.29, 984600.00
3.96, 0.45, 984617.00
1.37, 0.60, 984634.00
3.02, 0.74, 984651.00
2.69, 0.87, 984668.00
2.12, 0.99, 984685.00
0.55, 1.08, 984702.00
0.90, 1.16, 984719.00
1.32, 1.20, 984736.00
1.10, 1.22, 984753.00
1.01, 1.21, 984770.00
1.06, 1.17, 984787.00
1.08, 1.10, 984804.00
1.01, 1.00, 984821.00
0.99, 0.89, 984838.00
0.98, 0.75, 984855.00
0.97, 0.60, 984872.00
0.95, 0.43, 984889.00
0.94, 0.26, 984906.00
0.97, 0.10, 984923.00
0.98, -0.07, 984940.00
0.98, -0.22, 984957.00
0.96, -0.36, 984974.00
0.96, -0.48, 984991.00
0.97, -0.58, 985008.00
0.98, -0.66, 985025.00
1.00, -0.71, 985042.00
1.01, -0.73, 985059.00
1.04, -0.72, 985076.00
1.04, -0.70, 985093.00
1.07, -0.65, 985110.00
STEP DETECTED: 984804.00
1.15, -0.58, 985127.00
1.16, -0.49, 985144.00
1.28, -0.39, 985161.00
1.41, -0.29, 985178.00
1.63, -0.18, 985195.00
1.79, -0.08, 985212.00
2.15, 0.02, 985229.00
2.20, 0.11, 985246.00
2.28, 0.18, 985263.00
1.68, 0.24, 985280.00
1.32, 0.27, 985297.00
1.27, 0.29, 985314.00
0.91, 0.29, 985331.00
0.39, 0.26, 985348.00
0.28, 0.22, 985365.00
0.33, 0.16, 985382.00
0.18, 0.09, 985399.00
0.15, 0.00, 985416.00
0.21, -0.08, 985433.00
0.24, -0.17, 985450.00
0.28, -0.26, 985467.00
0.50, -0.34, 985484.00
0.73, -0.40, 985501.00
0.83, -0.45, 985518.00
1.05, -0.49, 985535.00
1.34, -0.50, 985552.00
1.58, -0.48, 985569.00
2.10, -0.45, 985586.00
2.39, -0.39, 985603.00
2.37, -0.31, 985620.00
4.25, -0.20, 985637.00
4.49, -0.08, 985654.00
1.67, 0.06, 985671.00
4.21, 0.20, 985688.00
1.74, 0.36, 985705.00
1.45, 0.51, 985722.00
0.94, 0.66, 985739.00
0.89, 0.80, 985756.00
0.99, 0.92, 985773.00
1.00, 1.03, 985790.00
1.01, 1.12, 985807.00
1.01, 1.18, 985824.00
1.00, 1.21, 985841.00
0.96, 1.22, 985858.00
0.97, 1.20, 985875.00
0.99, 1.15, 985892.00
