1.05, 0.06, 1067798.00
1.00, 0.03, 1067815.00
1.00, 0.01, 1067832.00
1.01, -0.01, 1067849.00
0.99, -0.02, 1067866.00
1.02, -0.04, 1067883.00
1.02, -0.04, 1067900.00
1.02, -0.05, 1067917.00
0.99, -0.05, 1067934.00
0.99, -0.05, 1067951.00
1.00, -0.05, 1067968.00
1.01, -0.05, 1067985.00
1.01, -0.04, 1068002.00
1.00, -0.03, 1068019.00
1.01, -0.02, 1068036.00
0.96, -0.02, 1068053.00
1.03, -0.01, 1068070.00
0.99, -0.00, 1068087.00
0.99, 0.00, 1068104.00
0.95, 0.01, 1068121.00
1.04, 0.02, 1068138.00
1.04, 0.02, 1068155.00
1.00, 0.02, 1068172.00
1.00, 0.02, 1068189.00
1.01, 0.03, 1068206.00
1.03, 0.03, 1068223.00
1.03, 0.03, 1068240.00
1.03, 0.03, 1068257.00
1.03, 0.03, 1068274.00
1.04, 0.04, 1068291.00
1.06, 0.04, 1068308.00
1.08, 0.04, 1068325.00
1.09, 0.05, 1068342.00
1.10, 0.05, 1068359.00
1.11, 0.06, 1068376.00
1.06, 0.06, 1068393.00
1.02, 0.07, 1068410.00
1.05, 0.07, 1068427.00
1.15, 0.08, 1068444.00
1.32, 0.08, 1068461.00
1.46, 0.09, 1068478.00
1.65, 0.09, 1068495.00
1.93, 0.09, 1068512.00
2.09, 0.09, 1068529.00
2.24, 0.09, 1068546.00
1.90, 0.08, 1068563.00
1.73, 0.08, 1068580.00
1.63, 0.08, 1068597.00
1.50, 0.08, 1068614.00
1.33, 0.07, 1068631.00
0.87, 0.07, 1068648.00
0.60, 0.06, 1068665.00
0.54, 0.05, 1068682.00
0.44, 0.05, 1068699.00
0.28, 0.04, 1068716.00
0.28, 0.04, 1068733.00
0.41, 0.04, 1068750.00
0.51, 0.04, 1068767.00
0.59, 0.04, 1068784.00
0.74, 0.04, 1068801.00
0.92, 0.04, 1068818.00
1.04, 0.04, 1068835.00
1.34, 0.04, 1068852.00
1.79, 0.05, 1068869.00
2.05, 0.06, 1068886.00
2.67, 0.06, 1068903.00
3.21, 0.07, 1068920.00
3.27, 0.08, 1068937.00
3.01, 0.08, 1068954.00
3.55, 0.09, 1068971.00
3.09, 0.10, 1068988.00
2.35, 0.10, 1069005.00
1.49, 0.11, 1069022.00
3.62, 0.11, 1069039.00
3.58, 0.12, 1069056.00
1.59, 0.12, 1069073.00
3.03, 0.12, 1069090.00
2.64, 0.12, 1069107.00
1.27, 0.12, 1069124.00
0.51, 0.11, 1069141.00
0.83, 0.10, 1069158.00
1.20, 0.09, 1069175.00
1.05, 0.08, 1069192.00
1.00, 0.07, 1069209.00
1.06, 0.05, 1069226.00
1.06, 0.03, 1069243.00
1.03, 0.01, 1069260.00
0.99, -0.01, 1069277.00
0.97, -0.03, 1069294.00
0.96, -0.05, 1069311.00
0.95, -0.08, 1069328.00
0.96, -0.10, 1069345.00
0.97, -0.11, 1069362.00
0.99, -0.13, 1069379.00
0.99, -0.14, 1069396.00
1.00, -0.15, 1069413.00
1.01, -0.15, 1069430.00
1.03, -0.15, 1069447.00
1.03, -0.13, 1069464.00
1.01, -0.12, 1069481.00
1.00, -0.09, 1069498.00
0.99, -0.06, 1069515.00
1.08, -0.03, 1069532.00
1.12, 0.01, 1069549.00
1.26, 0.05, 1069566.00
1.31, 0.09, 1069583.00
1.39, 0.13, 1069600.00
1.62, 0.17, 1069617.00
1.67, 0.21, 1069634.00
1.98, 0.23, 1069651.00
2.58, 0.26, 1069668.00
2.89, 0.27, 1069685.00
2.57, 0.27, 1069702.00
1.85, 0.26, 1069719.00
1.81, 0.24, 1069736.00
1.84, 0.20, 1069753.00
1.27, 0.16, 1069770.00
1.12, 0.10, 1069787.00
0.81, 0.04, 1069804.00
0.67, -0.03, 1069821.00
0.61, -0.10, 1069838.00
0.52, -0.18, 1069855.00
0.45, -0.25, 1069872.00
0.52, -0.32, 1069889.00
0.55, -0.37, 1069906.00
0.65, -0.42, 1069923.00
0.72, -0.45, 1069940.00
0.94, -0.47, 1069957.00
1.21, -0.46, 1069974.00
1.32, -0.44, 1069991.00
1.66, -0.40, 1070008.00
2.30, -0.33, 1070025.00
2.69, -0.25, 1070042.00
3.42, -0.15, 1070059.00
3.51, -0.03, 1070076.00
3.48, 0.09, 1070093.00
3.59, 0.23, 1070110.00
3.00, 0.37, 1070127.00
1.82, 0.51, 1070144.00
1.52, 0.65, 1070161.00
4.26, 0.78, 1070178.00
1.40, 0.90, 1070195.00
2.98, 1.00, 1070212.00
2.91, 1.08, 1070229.00
1.42, 1.14, 1070246.00
1.37, 1.18, 1070263.00
0.93, 1.18, 1070280.00
1.27, 1.17, 1070297.00
1.19, 1.12, 1070314.00
0.97, 1.05, 1070331.00
1.08, 0.96, 1070348.00
1.11, 0.85, 1070365.00
1.07, 0.72, 1070382.00
1.05, 0.57, 1070399.00
1.04, 0.42, 1070416.00
1.00, 0.26, 1070433.00
0.97, 0.10, 1070450.00
0.97, -0.06, 1070467.00
0.97, -0.20, 1070484.00
0.97, -0.34, 1070501.00
0.97, -0.46, 1070518.00
0.97, -0.56, 1070535.00
0.98, -0.64, 1070552.00
0.99, -0.70, 1070569.00
1.02, -0.73, 1070586.00
1.06, -0.74, 1070603.00
1.07, -0.73, 1070620.00
1.02, -0.69, 1070637.00
1.07, -0.64, 1070654.00
STEP DETECTED: 1070331.00
1.13, -0.56, 1070671.00
1.23, -0.48, 1070688.00
1.36, -0.38, 1070705.00
1.57, -0.28, 1070722.00
1.70, -0.17, 1070739.00
2.00, -0.06, 1070756.00
2.58, 0.04, 1070773.00
2.92, 0.13, 1070790.00
2.60, 0.20, 1070807.00
1.81, 0.27, 1070824.00
1.90, 0.31, 1070841.00
2.27, 0.34, 1070858.00
1.33, 0.35, 1070875.00
1.14, 0.34, 1070892.00
0.81, 0.31, 1070909.00
0.73, 0.27, 1070926.00
0.56, 0.21, 1070943.00
0.55, 0.14, 1070960.00
0.32, 0.07, 1070977.00
0.32, -0.02, 1070994.00
0.36, -0.10, 1071011.00
0.41, -0.18, 1071028.00
0.52, -0.25, 1071045.00
0.73, -0.31, 1071062.00
0.94, -0.36, 1071079.00
1.06, -0.39, 1071096.00
1.41, -0.40, 1071113.00
2.06, -0.40, 1071130.00
2.52, -0.39, 1071147.00
3.64, -0.36, 1071164.00
3.99, -0.31, 1071181.00
3.78, -0.24, 1071198.00
3.97, -0.15, 1071215.00
3.61, -0.04, 1071232.00
1.85, 0.07, 1071249.00
1.82, 0.20, 1071266.00
4.54, 0.34, 1071283.00
1.72, 0.48, 1071300.00
2.96, 0.61, 1071317.00
2.80, 0.73, 1071334.00
1.20, 0.85, 1071351.00
0.94, 0.94, 1071368.00
1.08, 1.02, 1071385.00
1.28, 1.08, 1071402.00
1.04, 1.11, 1071419.00
1.03, 1.11, 1071436.00
1.09, 1.09, 1071453.00
1.09, 1.04, 1071470.00
1.04, 0.97, 1071487.00
1.03, 0.87, 1071504.00
1.03, 0.76, 1071521.00
0.99, 0.62, 1071538.00
0.94, 0.48, 1071555.00
0.95, 0.32, 1071572.00
0.97, 0.16, 1071589.00
0.97, 0.01, 1071606.00
0.97, -0.15, 1071623.00
0.96, -0.29, 1071640.00
0.99, -0.41, 1071657.00
1.00, -0.52, 1071674.00
1.02, -0.60, 1071691.00
1.04, -0.67, 1071708.00
1.05, -0.71, 1071725.00
1.01, -0.72, 1071742.00
1.09, -0.71, 1071759.00
1.19, -0.67, 1071776.00
1.25, -0.62, 1071793.00
STEP DETECTED: 1071487.00
1.34, -0.55, 1071810.00
1.47, -0.46, 1071827.00
1.60, -0.36, 1071844.00
1.85, -0.26, 1071861.00
2.20, -0.15, 1071878.00
2.52, -0.05, 1071895.00
2.81, 0.05, 1071912.00
1.96, 0.13, 1071929.00
1.73, 0.20, 1071946.00
2.02, 0.26, 1071963.00
1.73, 0.30, 1071980.00
1.24, 0.31, 1071997.00
0.99, 0.31, 1072014.00
0.68, 0.29, 1072031.00
0.59, 0.25, 1072048.00
0.51, 0.19, 1072065.00
0.39, 0.12, 1072082.00
0.35, 0.05, 1072099.00
0.42, -0.03, 1072116.00
0.45, -0.12, 1072133.00
0.51, -0.20, 1072150.00
0.73, -0.27, 1072167.00
0.97, -0.33, 1072184.00
1.09, -0.37, 1072201.00
1.40, -0.40, 1072218.00
1.95, -0.41, 1072235.00
2.32, -0.39, 1072252.00
3.34, -0.35, 1072269.00
3.99, -0.29, 1072286.00
3.48, -0.21, 1072303.00
3.53, -0.11, 1072320.00
3.71, 0.01, 1072337.00
2.04, 0.13, 1072354.00
1.66, 0.27, 1072371.00
1.91, 0.42, 1072388.00
4.36, 0.56, 1072405.00
1.68, 0.69, 1072422.00
3.26, 0.82, 1072439.00
2.41, 0.93, 1072456.00
1.46, 1.02, 1072473.00
1.14, 1.09, 1072490.00
0.91, 1.14, 1072507.00
1.13, 1.16, 1072524.00
1.18, 1.15, 1072541.00
0.98, 1.11, 1072558.00
1.01, 1.04, 1072575.00
1.09, 0.95, 1072592.00
1.05, 0.84, 1072609.00
1.02, 0.70, 1072626.00
1.00, 0.55, 1072643.00
0.98, 0.40, 1072660.00
0.98, 0.23, 1072677.00
0.99, 0.07, 1072694.00
0.99, -0.09, 1072711.00
0.99, -0.25, 1072728.00
0.98, -0.38, 1072745.00
0.98, -0.50, 1072762.00
0.98, -0.60, 1072779.00
1.02, -0.67, 1072796.00
1.06, -0.72, 1072813.00
1.08, -0.75, 1072830.00
1.08, -0.74, 1072847.00
1.04, -0.72, 1072864.00
1.07, -0.67, 1072881.00
STEP DETECTED: 1072575.00
1.08, -0.60, 1072898.00
1.22, -0.51, 1072915.00
1.31, -0.41, 1072932.00
1.36, -0.31, 1072949.00
1.56, -0.20, 1072966.00
1.85, -0.09, 1072983.00
1.96, 0.02, 1073000.00
2.48, 0.11, 1073017.00
2.92, 0.19, 1073034.00
2.57, 0.26, 1073051.00
1.64, 0.30, 1073068.00
1.94, 0.33, 1073085.00
2.05, 0.34, 1073102.00
1.35, 0.32, 1073119.00
0.91, 0.29, 1073136.00
0.66, 0.24, 1073153.00
0.58, 0.17, 1073170.00
0.47, 0.10, 1073187.00
0.42, 0.01, 1073204.00
0.18, -0.08, 1073221.00
0.36, -0.17, 1073238.00
0.36, -0.25, 1073255.00
0.40, -0.32, 1073272.00
0.58, -0.38, 1073289.00
0.68, -0.43, 1073306.00
0.93, -0.45, 1073323.00
1.21, -0.46, 1073340.00
1.69, -0.44, 1073357.00
2.06, -0.40, 1073374.00
3.12, -0.34, 1073391.00
4.15, -0.25, 1073408.00
4.11, -0.15, 1073425.00
3.43, -0.03, 1073442.00
3.74, 0.10, 1073459.00
3.56, 0.24, 1073476.00
1.89, 0.39, 1073493.00
1.68, 0.53, 1073510.00
2.87, 0.67, 1073527.00
3.69, 0.80, 1073544.00
2.52, 0.91, 1073561.00
3.09, 1.01, 1073578.00
2.18, 1.09, 1073595.00
1.58, 1.14, 1073612.00
1.21, 1.16, 1073629.00
0.89, 1.16, 1073646.00
1.15, 1.13, 1073663.00
1.11, 1.13, 1073680.00
1.03, 1.08, 1073697.00
1.06, 1.00, 1073714.00
1.07, 0.89, 1073731.00
1.05, 0.77, 1073748.00
1.04, 0.63, 1073765.00
1.04, 0.47, 1073782.00
1.00, 0.31, 1073799.00
0.97, 0.15, 1073816.00
0.97, -0.01, 1073833.00
0.99, -0.16, 1073850.00
0.99, -0.31, 1073867.00
0.98, -0.43, 1073884.00
0.99, -0.54, 1073901.00
1.00, -0.63, 1073918.00
1.01, -0.69, 1073935.00
1.03, -0.73, 1073952.00
1.07, -0.75, 1073969.00
1.07, -0.74, 1073986.00
1.05, -0.70, 1074003.00
1.08, -0.65, 1074020.00
STEP DETECTED: 1073697.00
1.15, -0.57, 1074037.00
1.25, -0.48, 1074054.00
1.39, -0.38, 1074071.00
1.54, -0.27, 1074088.00
1.68, -0.16, 1074105.00
1.99, -0.05, 1074122.00
2.67, 0.05, 1074139.00
2.96, 0.15, 1074156.00
2.41, 0.23, 1074173.00
1.53, 0.29, 1074190.00
1.76, 0.34, 1074207.00
2.06, 0.36, 1074224.00
1.46, 0.36, 1074241.00
0.89, 0.35, 1074258.00
1.17, 0.31, 1074275.00
0.36, 0.25, 1074292.00
0.36, 0.18, 1074309.00
0.32, 0.09, 1074326.00
0.34, 0.00, 1074343.00
0.30, -0.10, 1074360.00
0.33, -0.20, 1074377.00
0.41, -0.29, 1074394.00
0.44, -0.38, 1074411.00
0.59, -0.45, 1074428.00
0.84, -0.51, 1074445.00
1.10, -0.54, 1074462.00
1.27, -0.56, 1074479.00
1.82, -0.54, 1074496.00
2.72, -0.51, 1074513.00
3.37, -0.45, 1074530.00
4.34, -0.36, 1074547.00
3.74, -0.25, 1074564.00
3.61, -0.12, 1074581.00
3.68, 0.02, 1074598.00
2.29, 0.17, 1074615.00
1.63, 0.34, 1074632.00
3.25, 0.50, 1074649.00
3.79, 0.66, 1074666.00
0.97, 0.81, 1074683.00
3.32, 0.95, 1074700.00
2.30, 1.07, 1074717.00
1.63, 1.17, 1074734.00
1.00, 1.24, 1074751.00
0.90, 1.29, 1074768.00
1.15, 1.30, 1074785.00
1.24, 1.28, 1074802.00
1.02, 1.23, 1074819.00
1.05, 1.16, 1074836.00
1.09, 1.05, 1074853.00
1.03, 0.92, 1074870.00
1.05, 0.78, 1074887.00
1.04, 0.61, 1074904.00
0.99, 0.44, 1074921.00
0.99, 0.26, 1074938.00
1.00, 0.08, 1074955.00
1.00, -0.09, 1074972.00
1.00, -0.25, 1074989.00
0.98, -0.39, 1075006.00
0.98, -0.52, 1075023.00
0.99, -0.62, 1075040.00
1.00, -0.70, 1075057.00
1.01, -0.74, 1075074.00
1.02, -0.76, 1075091.00
1.03, -0.76, 1075108.00
1.02, -0.72, 1075125.00
1.07, -0.67, 1075142.00
STEP DETECTED: 1074836.00
1.11, -0.59, 1075159.00
1.28, -0.50, 1075176.00
1.39, -0.39, 1075193.00
1.41, -0.28, 1075210.00
1.57, -0.17, 1075227.00
1.94, -0.05, 1075244.00
2.11, 0.05, 1075261.00
2.66, 0.15, 1075278.00
2.60, 0.23, 1075295.00
1.99, 0.29, 1075312.00
1.78, 0.33, 1075329.00
2.26, 0.35, 1075346.00
2.20, 0.34, 1075363.00
1.10, 0.32, 1075380.00
1.48, 0.27, 1075397.00
1.17, 0.21, 1075414.00
0.28, 0.13, 1075431.00
0.23, 0.04, 1075448.00
0.23, -0.06, 1075465.00
0.26, -0.16, 1075482.00
0.25, -0.26, 1075499.00
0.41, -0.35, 1075516.00
0.35, -0.43, 1075533.00
0.44, -0.49, 1075550.00
0.69, -0.54, 1075567.00
0.79, -0.56, 1075584.00
1.10, -0.56, 1075601.00
1.71, -0.54, 1075618.00
2.16, -0.49, 1075635.00
3.38, -0.41, 1075652.00
4.34, -0.32, 1075669.00
4.23, -0.20, 1075686.00
3.95, -0.06, 1075703.00
3.65, 0.09, 1075720.00
2.81, 0.24, 1075737.00
1.76, 0.40, 1075754.00
4.31, 0.56, 1075771.00
2.43, 0.72, 1075788.00
2.56, 0.86, 1075805.00
2.50, 0.98, 1075822.00
2.70, 1.09, 1075839.00
1.20, 1.17, 1075856.00
1.00, 1.22, 1075873.00
1.01, 1.25, 1075890.00
1.46, 1.25, 1075907.00
1.03, 1.21, 1075924.00
0.89, 1.15, 1075941.00
1.11, 1.06, 1075958.00
1.12, 0.95, 1075975.00
1.03, 0.81, 1075992.00
0.99, 0.66, 1076009.00
1.01, 0.50, 1076026.00
0.99, 0.33, 1076043.00
0.95, 0.16, 1076060.00
0.97, -0.01, 1076077.00
0.97, -0.18, 1076094.00
0.97, -0.33, 1076111.00
0.96, -0.46, 1076128.00
0.95, -0.57, 1076145.00
0.94, -0.66, 1076162.00
0.91, -0.73, 1076179.00
0.91, -0.76, 1076196.00
0.92, -0.78, 1076213.00
0.93, -0.78, 1076230.00
0.84, -0.76, 1076247.00
0.78, -0.73, 1076264.00
0.96, -0.67, 1076281.00
STEP DETECTED: 1075941.00
1.19, -0.59, 1076298.00
1.25, -0.49, 1076315.00
1.22, -0.39, 1076332.00
1.15, -0.27, 1076349.00
1.09, -0.16, 1076366.00
0.99, -0.05, 1076383.00
1.01, 0.06, 1076400.00
1.01, 0.16, 1076417.00
1.03, 0.24, 1076434.00
1.02, 0.30, 1076451.00
1.00, 0.34, 1076468.00
0.96, 0.37, 1076485.00
0.97, 0.37, 1076502.00
0.97, 0.35, 1076519.00
0.98, 0.31, 1076536.00
0.99, 0.25, 1076553.00
1.00, 0.17, 1076570.00
0.97, 0.09, 1076587.00
0.96, -0.01, 1076604.00
0.95, -0.10, 1076621.00
